1001    BankST.L      25  100 40  0
1002    CauACC.L      125 100 160 0
1003    CauMFG.L      100 25  0   0
1004    Corps.L       120 70  50  0
1005    Cun.L         220 20  100 0
1006    EC.L          220 20  10  0
1007    FFG.L                     180 220 140 0
1008    IPL.L             220 60  220 0
1009    ITG.L             180 40  120 0
1010    isthCC.L             140 20  140 0
1011    LOC.L             20  30  140 0
1012    LatOFC.L         35  75  50  0
1013    LING.L                      225 140 140 0
1014    MedOFC.L          200 35  75  0
1015    MTG.L               160 100 50  0
1016    PHC.L              20  220 60  0
1017    ParaCG.L                  60  220 60  0
1018    FrontOP.L              220 180 140 0
1019    Frontorb.L                20  100 50  0
1020    Fronttri.L             220 60  20  0
1021    PeriCal.L                120 100 60  0
1022    PostCG.L                  220 20  20  0
1023    PCC.L           220 180 220 0
1024    PreCG.L                   60  20  220 0
1025    PreCun.L                    160 140 180 0
1026    RosACC.L     80  20  140 0
1027    RosMFC.L         75  50  125 0
1028    SFG.L              20  220 160 0
1029    SPL.L             20  180 140 0
1030    STG.L             140 220 220 0
1031    SMG.L                80  160 20  0
1032    FP.L                  100 0   100 0
1033    TP.L                 70  70  70  0
1034    TransT.L           150 150 200 0
1035    INS.L                       255 192 32  0
17  HIP.L                        220 216 20  0
18  AMYG.L                           103 255 255 0
2001    BankST.R                     25  100 40  0
2002    CauACC.R      125 100 160 0
2003    CauMFG.R          100 25  0   0
2004    Corps.R               120 70  50  0
2005    Cun.R                       220 20  100 0
2006    EC.R                   220 20  10  0
2007    FFG.R                     180 220 140 0
2008    IPL.R             220 60  220 0
2009    ITG.R             180 40  120 0
2010    isthCC.R             140 20  140 0
2011    LOC.R             20  30  140 0
2012    LatOFC.R         35  75  50  0
2013    LING.R                      225 140 140 0
2014    MedOFC.R          200 35  75  0
2015    MTG.R               160 100 50  0
2016    PHC.R              20  220 60  0
2017    ParaCG.R                  60  220 60  0
2018    FrontOP.R              220 180 140 0
2019    Frontorb.R                20  100 50  0
2020    Fronttri.R             220 60  20  0
2021    PeriCal.R                120 100 60  0
2022    PostCG.R                  220 20  20  0
2023    PCC.R           220 180 220 0
2024    PreCG.R                   60  20  220 0
2025    PreCun.R                    160 140 180 0
2026    RosACC.R     80  20  140 0
2027    RosMFC.R         75  50  125 0
2028    SFG.R              20  220 160 0
2029    SPL.R             20  180 140 0
2030    STG.R             140 220 220 0
2031    SMG.R                80  160 20  0
2032    FP.R                  100 0   100 0
2033    TP.R                 70  70  70  0
2034    TransT.R           150 150 200 0
2035    INS.R                       255 192 32  0
53  HIP.R                       220 216 20  0
54  AMYG.R                          103 255 255 0